%YAML:1.0
---
cameraMatrix_preUndistort: !!opencv-matrix
   rows: 3
   cols: 3
   dt: d
   data: [ 1.6486406013548218e+04, 0., 3.5949389797062616e+02, 0.,
       5.0621339441442051e+03, 6.3951325315895622e+02, 0., 0., 1. ]
distCoeffs: !!opencv-matrix
   rows: 1
   cols: 5
   dt: d
   data: [ -2.0806828405911374e-03, -5.0478323853250273e-01,
       2.8858094168555787e-05, -2.9140297724845763e-05,
       -5.5804605418255896e+01 ]
imageSize: [ 1280, 720 ]
undistort_alpha: 5.0000000000000000e-01
cameraMatrix_postUndistort: !!opencv-matrix
   rows: 3
   cols: 3
   dt: d
   data: [ 1.6468738281250000e+04, 0., 3.5918081225182323e+02, 0.,
       5.0527919921875000e+03, 6.3866142513882369e+02, 0., 0., 1. ]
