%YAML:1.0
---
cameraMatrix_preUndistort: !!opencv-matrix
   rows: 3
   cols: 3
   dt: d
   data: [ 8.2484028190227070e+02, 0., 7.1368665875722786e+02, 0.,
       8.2419751393737408e+02, 9.4510939123320543e+02, 0., 0., 1. ]
distCoeffs: !!opencv-matrix
   rows: 1
   cols: 5
   dt: d
   data: [ -2.0360849996848054e-01, 4.2462959673928477e-02,
       -2.2630476823420927e-04, -7.6498437928438018e-04,
       -3.7737521390557348e-03 ]
imageSize: [ 1440, 1920 ]
undistort_alpha: 5.0000000000000000e-01
cameraMatrix_postUndistort: !!opencv-matrix
   rows: 3
   cols: 3
   dt: d
   data: [ 6.7210446166992188e+02, 0., 7.0773209823712750e+02, 0.,
       6.3589253234863281e+02, 9.1724920068352912e+02, 0., 0., 1. ]
